Base model
==========================
  Accuracy  :[0.9091,0.8182,0.9394,0.8182,0.8788,0.9091,0.8485,0.9091,0.7332,0.8182]
  loss  :[0.9552,0.8985,0.4331,0.4676,0.3638,0.6356,0.4045,0.7332,0.1126,0.3255]
  cancer  : [0.9090,0.8181,1.00,0.7727,0.8636,1.00,0.9090,0.9545,0.9545,0.8181]

Base model with self attention 
================================

  Accuracy  :[0.9394,0.8485,0.8788,0.8788,0.8788,0.9697,0.9091,0.9394,0.8788,0.9091]
  loss  :[0.3537,0.5436,1.1765,0.2901,0.5007,0.3789,0.2901,0.3363,0.8863,0.5546]
  cancer  : [1.0,0.8636,1.0,0.8636,0.9090,1.0,1.0,1.0,0.9545,0.9545]

Base model with soft attention  
===================================

  Accuracy  :[0.9697,0.9697,0.8485,0.9394,0.9091,0.9091,0.9091,0.9091,0.9091,0.8788]
  loss  :[0.2363,0.5214,0.2436,0.3745,0.6225,0.4992,0.4089,0.2959,0.3511,1.0734]
  cancer  : [1.00,1.00,0.9545,1.00,0.9545,0.9090,0.9545,0.9090,0.9090,1.00]

Base model with spatial attention
=====================================
  Accuracy  : [0.9697,0.8788,0.9091,0.9091,0.9091,0.9091,0.8788,0.9091,0.8788,0.8788]
  loss  :[0.3090,0.6082,0.4308,0.5292,0.2806,0.2376,0.4446,0.3198,0.2985,0.3630]
  cancer  : [1.00,0.9545,1.00,0.9545,0.9090,0.9090,0.9545,1.00,0.8636,1.00]

Base model with self and spatial attention 
=============================================

  Accuracy  :[0.9091,0.9394,0.9394,0.9697,0.9394,0.8182,0.9394,0.8182,0.9697,0.7273]
  loss  :[0.3078,0.6904,0.9072,0.3699,0.4255,0.3907,0.1563,0.4002,0.1978,0.6569]
  cancer  : [0.9090,1.00,0.9545,1.00,1.00,0.9090,0.9545,0.8181,1.00,0.6818]

Base model with spatial and soft attention
==============================================

  Accuracy  :[0.9697,0.9697,0.9394,0.9697,0.9394,0.8788,0.9091,0.9394,0.9394,0.8788]
  loss  :[0.2189,0.1882,0.3031,0.2515,0.3965,0.5132,0.3235,0.3022,0.1403,0.9651]
  cancer  : [1.00,1.00,0.9545,1.00,0.9545,0.9090,1.00,0.9545,0.9545,0.9545]

Base model with self and soft attention 
==============================================

  Accuracy  : [0.9394,0.9697,0.8182,0.9091,0.7273,0.9394,0.9697,0.8485,0.9394,0.9394]
  loss  :[0.5613,0.1896,0.5698,0.5132,1.1463,0.4775,0.1806,0.7345,0.3962,0.2883]
  cancer  : [0.9545,1.00,0.8181,0.9545,0.5909,0.9545,1.00,0.8636,0.9545,0.9545]